asnr=[1,2,3,5,10,100,1000]
GS:		[0.02,0.2,0.29,0.67,0.98,1,1]
PSO:		[0.01, 0.07, 0.06, 0.13, 0.37, 1.0, 1.0]
GPSO:		[0.01, 0.06, 0.15, 0.25, 0.57, 1.0, 1.0]
CNN:		[0.185,0.83,0.95,0.99,0.995,1.0,1.0]

asnr=[1,1.5,2,3,5,10]
GS:		[0.07,0.1,0.22,0.33,0.57,0.99]
CNN:		[0.185,0.55,0.83,0.95,0.99,0.995]





CNN
0.9745
discrete snr is [1, 4, 7, 10, 13]
#success in each snr is [0.9726027397260274, 0.9785202863961814, 0.9671717171717171, 0.9715909090909091, 0.9788273615635179]
#total examples in each snr is [219, 419, 396, 352, 614]